-6.51803276994044 -1.9001669859796109
-5.631776732065921 -2.222944704094317
-1.4616970142711367 -1.2997989932775744
-4.184845213938939 -3.981414979321282
-3.3315812616181018 -0.7311399794984643
-5.410553163124073 -0.8650441703648684
-4.594034430784605 -4.41327675232248
-0.7412819923171186 -0.23539129771650913
-1.4768434831616832 -2.709718571555655
-3.3245961719866055 -2.4858343109971273
-4.931455086334468 0.4740293361032304
-5.562626968709049 0.3204842632619882
-6.276630821330794 0.9629867651052382
-3.795976924731621 -1.1716691586276649
-5.161067595629677 -4.181605946616555
-4.753644110639016 -8.099020233312748e-2
-3.5747895261599836 -3.747280846512262
-5.231336341985617 -1.3848010914860225
-4.926831453455758 -3.6790816996772158
-3.8862139584334496 -0.3182193463151848
-2.8729717705850804 -3.9540370450804936
-4.584959745150036 -2.685752245842612
-4.830073547201788 -2.4708620552736873
-7.428440254926919 -2.0114329807329927